Model,Adjusted R-Squared,R-Squared,RMSE,Time Taken
SGDRegressor,1.2517582662178064e+21,-2.83365058066888e+22,1602976455120.2908,0.0926508903503418
KernelRidge,2.034975796865063,-22.429122434527798,46.092684875409624,0.055734872817993164
GaussianProcessRegressor,1.957830804020541,-20.682763255849608,44.34159483480472,0.35740137100219727
OrthogonalMatchingPursuit,1.261564250830661,-4.921124799023755,23.17160426054284,0.08153533935546875
PassiveAggressiveRegressor,1.1104929281442264,-1.5012684832649068,15.060318300649458,0.10982275009155273
DecisionTreeRegressor,1.0733305120595034,-0.6600093938744716,12.269002873980392,1.146090030670166
MLPRegressor,1.069303648042247,-0.5688518128244937,11.92737729278174,4.243102788925171
ExtraTreeRegressor,1.0613274271073363,-0.38829120704519315,11.220036813083835,0.2589130401611328
TransformedTargetRegressor,1.0474011684476958,-0.07303743958520159,9.8641900937018,0.1271979808807373
LinearRegression,1.0474011684476958,-0.07303743958520159,9.8641900937018,0.12753915786743164
QuantileRegressor,1.0461159667205766,-0.043943862026240676,9.72954582593973,1.769718885421753
DummyRegressor,1.0457696834766228,-0.036104922657614225,9.692947576445276,0.13691329956054688
BaggingRegressor,1.0415881347639357,0.05855431193728067,9.23956724706539,6.2954490184783936
Lasso,1.0397791719922278,0.09950445819791987,9.036386100295553,0.15116357803344727
LassoLars,1.039774893510127,0.0996013117487744,9.035900129197017,0.053933143615722656
ElasticNet,1.0379653754956548,0.14056402724121997,8.827968181676553,0.4165341854095459
NuSVR,1.0376511843940788,0.14767648514502973,8.791363361989053,0.09738731384277344
SVR,1.0369412921948389,0.16374657229265654,8.708090839759498,0.13005304336547852
AdaBoostRegressor,1.0338152487207453,0.23451195203587616,8.33150007260425,3.929239273071289
HistGradientBoostingRegressor,1.0332615074352112,0.24704719432379207,8.263002293604265,11.920735836029053
LGBMRegressor,1.032687596518441,0.26003902386826083,8.191405090192932,1.411221981048584
RandomForestRegressor,1.0310505363967524,0.29709774750208895,7.98364951230489,46.25602579116821
ExtraTreesRegressor,1.030791928247232,0.3029519539637615,7.950333602872055,16.237802028656006
TweedieRegressor,1.0304055640099696,0.31169822131277525,7.900297418664049,0.6038722991943359
GammaRegressor,1.0300901226602397,0.31883898153743007,7.859209910387379,0.45531153678894043
XGBRegressor,1.0296415452199221,0.3289935917248392,7.80040818346368,10.175005197525024
KNeighborsRegressor,1.02898014626375,0.3439659197436806,7.712891035820147,0.0701141357421875
HuberRegressor,1.0283466059903081,0.3583076006589595,7.628118709614373,0.7512040138244629
LassoCV,1.028018328489305,0.3657389374948562,7.583820072143919,48.926520109176636
GradientBoostingRegressor,1.0279886862933456,0.3664099586341535,7.579807331524073,28.207457780838013
ElasticNetCV,1.0274571530328338,0.3784424698061791,7.507488256091342,67.05630874633789
LassoLarsCV,1.027304942948678,0.3818881046782795,7.486650270856821,1.4977564811706543
PoissonRegressor,1.0244767872504064,0.4459100908149789,7.088333064932988,0.7292888164520264
LinearSVR,1.02352058547655,0.4675559771242557,6.948498584682476,1.2372791767120361
BayesianRidge,1.022886214304713,0.4819164673878128,6.854154497893507,0.3555788993835449
Ridge,1.017697918054899,0.599365811064922,6.027372042302521,0.05086660385131836
OrthogonalMatchingPursuitCV,1.016414061269348,0.6284289426938812,5.804635244807167,1.4561893939971924
RidgeCV,1.014408612246777,0.6738270194685618,5.438485643688088,0.0924832820892334
