Model,Adjusted R-Squared,R-Squared,RMSE,Time Taken
SGDRegressor,1.3273891805258478e+21,-3.004859024047523e+22,1650691998384.0999,0.13473939895629883
Lars,11656895960.187881,-263881381053.14325,4891683.72323141,0.20880413055419922
KernelRidge,2.0529862770661342,-22.83683220611249,46.49200384360059,0.06239128112792969
GaussianProcessRegressor,1.958215823814685,-20.691479088552207,44.350505947466075,0.23194241523742676
PassiveAggressiveRegressor,1.114944237035387,-1.602034376845026,15.360682422053092,0.12415885925292969
OrthogonalMatchingPursuit,1.0532005876226298,-0.20432099453425456,10.45021255561869,0.124298095703125
DecisionTreeRegressor,1.0522370220688204,-0.1825084116678033,10.355143334510675,0.383044958114624
QuantileRegressor,1.0461159667412154,-0.043943862493446284,9.729545828116906,2.45035719871521
DummyRegressor,1.0457696834766228,-0.036104922657614225,9.692947576445276,0.048536062240600586
ExtraTreeRegressor,1.0450040178175986,-0.01877227147530558,9.611530609230453,0.12712955474853516
KNeighborsRegressor,1.0423091860101046,0.04223161339763071,9.31932042680105,0.05472302436828613
LarsCV,1.0419814667781866,0.04965031249379792,9.283157385126238,6.622878313064575
Lasso,1.041106318712701,0.0694613566135811,9.1858891850403,0.19408082962036133
LassoLars,1.0410986942216578,0.06963395498225389,9.185037235996953,0.06646299362182617
SVR,1.0410823813721533,0.07000323487213733,9.183214197529255,0.17479610443115234
NuSVR,1.040691057184482,0.07886178241722108,9.139372867897256,0.11561179161071777
LinearRegression,1.0391398473189881,0.11397708266905837,8.96347626793106,0.17423748970031738
TransformedTargetRegressor,1.0391398473189881,0.11397708266905837,8.96347626793106,0.1591935157775879
ElasticNet,1.0382052224156375,0.1351345255361195,8.855809699849495,0.12083840370178223
BaggingRegressor,1.0370458026401628,0.16138073144247167,8.72040015037204,4.313220739364624
GradientBoostingRegressor,1.0319431988063208,0.276890224823947,8.09759611469479,21.987953186035156
XGBRegressor,1.0304389958849531,0.31094141183512447,7.904639538298598,12.42273759841919
HistGradientBoostingRegressor,1.0302464033212395,0.3153011995411712,7.879592875665539,10.930177927017212
AdaBoostRegressor,1.029114174485593,0.34093187428218263,7.730705863146006,4.413616418838501
RandomForestRegressor,1.028843618123933,0.3470565567549204,7.694701517164964,61.518110275268555
TweedieRegressor,1.0279398641079887,0.3675151641488261,7.573193511288355,0.11356925964355469
GammaRegressor,1.0272660909343425,0.3827676118159835,7.481322023374037,0.08417487144470215
ExtraTreesRegressor,1.0268793546946569,0.3915223003187547,7.42807582754663,7.706766843795776
OrthogonalMatchingPursuitCV,1.0268124001692278,0.393037974191106,7.41881865981693,0.32167863845825195
LGBMRegressor,1.026607857389677,0.3976682832666498,7.390466648604444,2.061389923095703
HuberRegressor,1.0260416195834354,0.41048641382552675,7.311406063677964,0.5160975456237793
LassoCV,1.0255223195039784,0.4222419980418065,7.238140016128541,67.7115626335144
BayesianRidge,1.0253586376195925,0.42594732421581927,7.214892559109982,0.23013067245483398
LinearSVR,1.0236349625940595,0.4649667808377751,6.965372854141327,1.3821821212768555
PoissonRegressor,1.0235014870731836,0.46798831460705415,6.945676967453669,0.11979293823242188
ElasticNetCV,1.023457381513391,0.468986748158401,6.939156383578191,61.001697301864624
MLPRegressor,1.021857214334502,0.5052103128673189,6.6982956859790725,4.280614137649536
LassoLarsCV,1.0170552877865793,0.6139132654906254,5.916930053939133,7.760390281677246
Ridge,1.0158649654900678,0.6408590229720919,5.706718828126641,0.08349418640136719
RidgeCV,1.0157877917077032,0.642606033869578,5.69282198205625,0.09453701972961426
